$ 1 0.000005 49.687244006919805 51 5 43 5e-11
a 272 176 368 176 8 3.1 0 1000000 1.571428357145001 1.5714285714285725 100000
w 368 128 368 176 0
w 368 128 272 128 0
w 272 160 272 128 0
v 0 224 0 160 0 1 40 250 0 0 0.5
w 416 176 368 176 0
w 80 192 208 192 0
r 464 176 416 176 0 1000
r 80 128 80 192 0 680000
r 80 192 80 256 0 10000
w 0 160 0 128 0
w 0 128 16 128 0
w 208 192 272 192 0
R 208 -16 208 -64 0 0 40 3.3 0 0 0.5
r 208 48 208 80 0 10000
s 208 176 208 144 0 0 false
s 16 128 64 128 0 1 false
w 208 176 208 192 0
w 80 128 64 128 0
w 80 256 80 304 0
w 80 304 0 304 0
w 0 224 0 304 0
g 80 304 80 320 0 0
c 464 176 464 240 4 1.0000000000000001e-7 0 0.001 0
g 464 240 464 256 0 0
g 464 176 480 176 0 0
w 208 48 208 -16 0
r 208 80 208 144 0 1000
38 4 F1 0 -20 250 -1 Max\sVoltage
